Gruppe: Florian Wolf, Julian Weigert
 Aufgabe 29 


eps: 2.22045e-16
1 + eps: 1.0000000000000002220446049250e+00 
1 + 1/2*eps: 1.000000000000000000000000000000000000000000000000000000000000e+00 


1       0.5            1.5000000000000000000000000
2       0.25            1.2500000000000000000000000
3       0.125            1.1250000000000000000000000
4       0.0625            1.0625000000000000000000000
5       0.03125            1.0312500000000000000000000
6       0.015625            1.0156250000000000000000000
7       0.0078125            1.0078125000000000000000000
8       0.00390625            1.0039062500000000000000000
9       0.00195312            1.0019531250000000000000000
10       0.000976562            1.0009765625000000000000000
11       0.000488281            1.0004882812500000000000000
12       0.000244141            1.0002441406250000000000000
13       0.00012207            1.0001220703125000000000000
14       6.10352e-05            1.0000610351562500000000000
15       3.05176e-05            1.0000305175781250000000000
16       1.52588e-05            1.0000152587890625000000000
17       7.62939e-06            1.0000076293945312500000000
18       3.8147e-06            1.0000038146972656250000000
19       1.90735e-06            1.0000019073486328125000000
20       9.53674e-07            1.0000009536743164062500000
21       4.76837e-07            1.0000004768371582031250000
22       2.38419e-07            1.0000002384185791015625000
23       1.19209e-07            1.0000001192092895507812500
24       5.96046e-08            1.0000000596046447753906250
25       2.98023e-08            1.0000000298023223876953125
26       1.49012e-08            1.0000000149011611938476562
27       7.45058e-09            1.0000000074505805969238281
28       3.72529e-09            1.0000000037252902984619141
29       1.86265e-09            1.0000000018626451492309570
30       9.31323e-10            1.0000000009313225746154785
31       4.65661e-10            1.0000000004656612873077393
32       2.32831e-10            1.0000000002328306436538696
33       1.16415e-10            1.0000000001164153218269348
34       5.82077e-11            1.0000000000582076609134674
35       2.91038e-11            1.0000000000291038304567337
36       1.45519e-11            1.0000000000145519152283669
37       7.27596e-12            1.0000000000072759576141834
38       3.63798e-12            1.0000000000036379788070917
39       1.81899e-12            1.0000000000018189894035459
40       9.09495e-13            1.0000000000009094947017729
41       4.54747e-13            1.0000000000004547473508865
42       2.27374e-13            1.0000000000002273736754432
43       1.13687e-13            1.0000000000001136868377216
44       5.68434e-14            1.0000000000000568434188608
45       2.84217e-14            1.0000000000000284217094304
46       1.42109e-14            1.0000000000000142108547152
47       7.10543e-15            1.0000000000000071054273576
48       3.55271e-15            1.0000000000000035527136788
49       1.77636e-15            1.0000000000000017763568394
50       8.88178e-16            1.0000000000000008881784197
51       4.44089e-16            1.0000000000000004440892099
52       2.22045e-16            1.0000000000000002220446049
53       1.11022e-16            1.0000000000000000000000000
54       5.55112e-17            1.0000000000000000000000000
55       2.77556e-17            1.0000000000000000000000000
56       1.38778e-17            1.0000000000000000000000000
57       6.93889e-18            1.0000000000000000000000000
58       3.46945e-18            1.0000000000000000000000000
59       1.73472e-18            1.0000000000000000000000000
60       8.67362e-19            1.0000000000000000000000000
61       4.33681e-19            1.0000000000000000000000000
62       2.1684e-19            1.0000000000000000000000000
63       1.0842e-19            1.0000000000000000000000000
64       5.42101e-20            1.0000000000000000000000000
65       2.71051e-20            1.0000000000000000000000000
66       1.35525e-20            1.0000000000000000000000000
67       6.77626e-21            1.0000000000000000000000000
68       3.38813e-21            1.0000000000000000000000000
69       1.69407e-21            1.0000000000000000000000000
70       8.47033e-22            1.0000000000000000000000000
71       4.23516e-22            1.0000000000000000000000000
72       2.11758e-22            1.0000000000000000000000000
73       1.05879e-22            1.0000000000000000000000000
74       5.29396e-23            1.0000000000000000000000000
75       2.64698e-23            1.0000000000000000000000000
76       1.32349e-23            1.0000000000000000000000000
77       6.61744e-24            1.0000000000000000000000000
78       3.30872e-24            1.0000000000000000000000000
79       1.65436e-24            1.0000000000000000000000000
80       8.27181e-25            1.0000000000000000000000000
